(kicad_pcb (version 20171130) (host pcbnew 5.0.0-fee4fd1~66~ubuntu18.04.1)

  (general
    (thickness 1.6)
    (drawings 5)
    (tracks 80)
    (zones 0)
    (modules 44)
    (nets 21)
  )

  (page A4)
  (layers
    (0 F.Cu signal)
    (1 In1.Cu signal hide)
    (2 In2.Cu signal hide)
    (31 B.Cu signal)
    (32 B.Adhes user)
    (33 F.Adhes user)
    (34 B.Paste user)
    (35 F.Paste user)
    (36 B.SilkS user)
    (37 F.SilkS user)
    (38 B.Mask user)
    (39 F.Mask user)
    (40 Dwgs.User user)
    (41 Cmts.User user)
    (42 Eco1.User user)
    (43 Eco2.User user)
    (44 Edge.Cuts user)
    (45 Margin user)
    (46 B.CrtYd user)
    (47 F.CrtYd user)
    (48 B.Fab user)
    (49 F.Fab user)
  )

  (setup
    (last_trace_width 0.32)
    (user_trace_width 0.16)
    (user_trace_width 0.24)
    (user_trace_width 0.32)
    (user_trace_width 0.48)
    (user_trace_width 0.64)
    (user_trace_width 1)
    (user_trace_width 1.6)
    (user_trace_width 3)
    (trace_clearance 0.16)
    (zone_clearance 0.5)
    (zone_45_only no)
    (trace_min 0.16)
    (segment_width 0.2)
    (edge_width 0.15)
    (via_size 0.65)
    (via_drill 0.3)
    (via_min_size 0.4)
    (via_min_drill 0.3)
    (user_via 0.65 0.3)
    (user_via 0.85 0.5)
    (user_via 1 0.6)
    (uvia_size 0.3)
    (uvia_drill 0.1)
    (uvias_allowed no)
    (uvia_min_size 0.2)
    (uvia_min_drill 0.1)
    (pcb_text_width 0.3)
    (pcb_text_size 1.5 1.5)
    (mod_edge_width 0.15)
    (mod_text_size 1 1)
    (mod_text_width 0.15)
    (pad_size 1.524 1.524)
    (pad_drill 0.762)
    (pad_to_mask_clearance 0.2)
    (aux_axis_origin 0 0)
    (visible_elements FFFFFF7F)
    (pcbplotparams
      (layerselection 0x010fc_ffffffff)
      (usegerberextensions false)
      (usegerberattributes false)
      (usegerberadvancedattributes false)
      (creategerberjobfile false)
      (excludeedgelayer true)
      (linewidth 0.100000)
      (plotframeref false)
      (viasonmask false)
      (mode 1)
      (useauxorigin false)
      (hpglpennumber 1)
      (hpglpenspeed 20)
      (hpglpendiameter 15.000000)
      (psnegative false)
      (psa4output false)
      (plotreference true)
      (plotvalue true)
      (plotinvisibletext false)
      (padsonsilk false)
      (subtractmaskfromsilk false)
      (outputformat 1)
      (mirror false)
      (drillshape 1)
      (scaleselection 1)
      (outputdirectory ""))
  )

  (net 0 "")
  (net 1 /VIN+)
  (net 2 /VIN-)
  (net 3 /A)
  (net 4 /B)
  (net 5 /C)
  (net 6 /VSW+)
  (net 7 /VSW-)
  (net 8 /D)
  (net 9 /E)
  (net 10 /F)
  (net 11 /G)
  (net 12 /H)
  (net 13 "Net-(D1-Pad2)")
  (net 14 "Net-(D2-Pad2)")
  (net 15 "Net-(D3-Pad2)")
  (net 16 "Net-(D4-Pad2)")
  (net 17 "Net-(D5-Pad2)")
  (net 18 "Net-(D6-Pad2)")
  (net 19 "Net-(D7-Pad2)")
  (net 20 "Net-(D8-Pad2)")

  (net_class Default "This is the default net class."
    (clearance 0.16)
    (trace_width 0.16)
    (via_dia 0.65)
    (via_drill 0.3)
    (uvia_dia 0.3)
    (uvia_drill 0.1)
    (add_net /A)
    (add_net /B)
    (add_net /C)
    (add_net /D)
    (add_net /E)
    (add_net /F)
    (add_net /G)
    (add_net /H)
    (add_net /VIN+)
    (add_net /VIN-)
    (add_net /VSW+)
    (add_net /VSW-)
    (add_net "Net-(D1-Pad2)")
    (add_net "Net-(D2-Pad2)")
    (add_net "Net-(D3-Pad2)")
    (add_net "Net-(D4-Pad2)")
    (add_net "Net-(D5-Pad2)")
    (add_net "Net-(D6-Pad2)")
    (add_net "Net-(D7-Pad2)")
    (add_net "Net-(D8-Pad2)")
  )

  (module Capacitor_THT:C_Rect_L31.5mm_W17.0mm_P27.50mm_MKS4 (layer F.Cu) (tedit 5AE50EF0) (tstamp 5C029A6A)
    (at 140.5 62.5 270)
    (descr "C, Rect series, Radial, pin pitch=27.50mm, , length*width=31.5*17mm^2, Capacitor, http://www.wima.com/EN/WIMA_MKS_4.pdf")
    (tags "C Rect series Radial pin pitch 27.50mm  length 31.5mm width 17mm Capacitor")
    (path /5BD11E82)
    (fp_text reference C2 (at 13.75 -9.75 270) (layer F.SilkS)
      (effects (font (size 1 1) (thickness 0.15)))
    )
    (fp_text value B32674D6225K000 (at 13.75 9.75 270) (layer F.Fab)
      (effects (font (size 1 1) (thickness 0.15)))
    )
    (fp_line (start -2 -8.5) (end -2 8.5) (layer F.Fab) (width 0.1))
    (fp_line (start -2 8.5) (end 29.5 8.5) (layer F.Fab) (width 0.1))
    (fp_line (start 29.5 8.5) (end 29.5 -8.5) (layer F.Fab) (width 0.1))
    (fp_line (start 29.5 -8.5) (end -2 -8.5) (layer F.Fab) (width 0.1))
    (fp_line (start -2.12 -8.62) (end 29.62 -8.62) (layer F.SilkS) (width 0.12))
    (fp_line (start -2.12 8.62) (end 29.62 8.62) (layer F.SilkS) (width 0.12))
    (fp_line (start -2.12 -8.62) (end -2.12 8.62) (layer F.SilkS) (width 0.12))
    (fp_line (start 29.62 -8.62) (end 29.62 8.62) (layer F.SilkS) (width 0.12))
    (fp_line (start -2.25 -8.75) (end -2.25 8.75) (layer F.CrtYd) (width 0.05))
    (fp_line (start -2.25 8.75) (end 29.75 8.75) (layer F.CrtYd) (width 0.05))
    (fp_line (start 29.75 8.75) (end 29.75 -8.75) (layer F.CrtYd) (width 0.05))
    (fp_line (start 29.75 -8.75) (end -2.25 -8.75) (layer F.CrtYd) (width 0.05))
    (fp_text user %R (at 13.75 0 270) (layer F.Fab)
      (effects (font (size 1 1) (thickness 0.15)))
    )
    (pad 1 thru_hole circle (at 0 0 270) (size 2.4 2.4) (drill 1.2) (layers *.Cu *.Mask)
      (net 1 /VIN+))
    (pad 2 thru_hole circle (at 27.5 0 270) (size 2.4 2.4) (drill 1.2) (layers *.Cu *.Mask)
      (net 2 /VIN-))
    (model ${KISYS3DMOD}/Capacitor_THT.3dshapes/C_Rect_L31.5mm_W17.0mm_P27.50mm_MKS4.wrl
      (at (xyz 0 0 0))
      (scale (xyz 1 1 1))
      (rotate (xyz 0 0 0))
    )
  )

  (module Package_TO_SOT_THT:TO-247-3_Vertical (layer F.Cu) (tedit 5AC86DC3) (tstamp 5C02910A)
    (at 115.05 55)
    (descr "TO-247-3, Vertical, RM 5.45mm, see https://toshiba.semicon-storage.com/us/product/mosfet/to-247-4l.html")
    (tags "TO-247-3 Vertical RM 5.45mm")
    (path /5BCAB7CC)
    (fp_text reference Q1 (at 5.45 -3.45) (layer F.SilkS)
      (effects (font (size 1 1) (thickness 0.15)))
    )
    (fp_text value IRG4PF50W (at 5.45 3.95) (layer F.Fab)
      (effects (font (size 1 1) (thickness 0.15)))
    )
    (fp_line (start -2.5 -2.33) (end -2.5 2.7) (layer F.Fab) (width 0.1))
    (fp_line (start -2.5 2.7) (end 13.4 2.7) (layer F.Fab) (width 0.1))
    (fp_line (start 13.4 2.7) (end 13.4 -2.33) (layer F.Fab) (width 0.1))
    (fp_line (start 13.4 -2.33) (end -2.5 -2.33) (layer F.Fab) (width 0.1))
    (fp_line (start 3.645 -2.33) (end 3.645 2.7) (layer F.Fab) (width 0.1))
    (fp_line (start 7.255 -2.33) (end 7.255 2.7) (layer F.Fab) (width 0.1))
    (fp_line (start -2.62 -2.451) (end 13.52 -2.451) (layer F.SilkS) (width 0.12))
    (fp_line (start -2.62 2.82) (end 13.52 2.82) (layer F.SilkS) (width 0.12))
    (fp_line (start -2.62 -2.451) (end -2.62 2.82) (layer F.SilkS) (width 0.12))
    (fp_line (start 13.52 -2.451) (end 13.52 2.82) (layer F.SilkS) (width 0.12))
    (fp_line (start 3.646 -2.451) (end 3.646 2.82) (layer F.SilkS) (width 0.12))
    (fp_line (start 7.255 -2.451) (end 7.255 2.82) (layer F.SilkS) (width 0.12))
    (fp_line (start -2.75 -2.59) (end -2.75 2.95) (layer F.CrtYd) (width 0.05))
    (fp_line (start -2.75 2.95) (end 13.65 2.95) (layer F.CrtYd) (width 0.05))
    (fp_line (start 13.65 2.95) (end 13.65 -2.59) (layer F.CrtYd) (width 0.05))
    (fp_line (start 13.65 -2.59) (end -2.75 -2.59) (layer F.CrtYd) (width 0.05))
    (fp_text user %R (at 5.45 -3.45) (layer F.Fab)
      (effects (font (size 1 1) (thickness 0.15)))
    )
    (pad 1 thru_hole rect (at 0 0) (size 2.5 4.5) (drill 1.5) (layers *.Cu *.Mask)
      (net 13 "Net-(D1-Pad2)"))
    (pad 2 thru_hole oval (at 5.45 0) (size 2.5 4.5) (drill 1.5) (layers *.Cu *.Mask)
      (net 1 /VIN+))
    (pad 3 thru_hole oval (at 10.9 0) (size 2.5 4.5) (drill 1.5) (layers *.Cu *.Mask)
      (net 6 /VSW+))
    (model ${KISYS3DMOD}/Package_TO_SOT_THT.3dshapes/TO-247-3_Vertical.wrl
      (at (xyz 0 0 0))
      (scale (xyz 1 1 1))
      (rotate (xyz 0 0 0))
    )
  )

  (module Package_TO_SOT_THT:TO-247-3_Vertical (layer F.Cu) (tedit 5AC86DC3) (tstamp 5C029152)
    (at 131.45 97.5 180)
    (descr "TO-247-3, Vertical, RM 5.45mm, see https://toshiba.semicon-storage.com/us/product/mosfet/to-247-4l.html")
    (tags "TO-247-3 Vertical RM 5.45mm")
    (path /5BCAB99A)
    (fp_text reference Q2 (at 5.45 -3.45 180) (layer F.SilkS)
      (effects (font (size 1 1) (thickness 0.15)))
    )
    (fp_text value IRG4PF50W (at 5.45 3.95 180) (layer F.Fab)
      (effects (font (size 1 1) (thickness 0.15)))
    )
    (fp_text user %R (at 5.45 -3.45 180) (layer F.Fab)
      (effects (font (size 1 1) (thickness 0.15)))
    )
    (fp_line (start 13.65 -2.59) (end -2.75 -2.59) (layer F.CrtYd) (width 0.05))
    (fp_line (start 13.65 2.95) (end 13.65 -2.59) (layer F.CrtYd) (width 0.05))
    (fp_line (start -2.75 2.95) (end 13.65 2.95) (layer F.CrtYd) (width 0.05))
    (fp_line (start -2.75 -2.59) (end -2.75 2.95) (layer F.CrtYd) (width 0.05))
    (fp_line (start 7.255 -2.451) (end 7.255 2.82) (layer F.SilkS) (width 0.12))
    (fp_line (start 3.646 -2.451) (end 3.646 2.82) (layer F.SilkS) (width 0.12))
    (fp_line (start 13.52 -2.451) (end 13.52 2.82) (layer F.SilkS) (width 0.12))
    (fp_line (start -2.62 -2.451) (end -2.62 2.82) (layer F.SilkS) (width 0.12))
    (fp_line (start -2.62 2.82) (end 13.52 2.82) (layer F.SilkS) (width 0.12))
    (fp_line (start -2.62 -2.451) (end 13.52 -2.451) (layer F.SilkS) (width 0.12))
    (fp_line (start 7.255 -2.33) (end 7.255 2.7) (layer F.Fab) (width 0.1))
    (fp_line (start 3.645 -2.33) (end 3.645 2.7) (layer F.Fab) (width 0.1))
    (fp_line (start 13.4 -2.33) (end -2.5 -2.33) (layer F.Fab) (width 0.1))
    (fp_line (start 13.4 2.7) (end 13.4 -2.33) (layer F.Fab) (width 0.1))
    (fp_line (start -2.5 2.7) (end 13.4 2.7) (layer F.Fab) (width 0.1))
    (fp_line (start -2.5 -2.33) (end -2.5 2.7) (layer F.Fab) (width 0.1))
    (pad 3 thru_hole oval (at 10.9 0 180) (size 2.5 4.5) (drill 1.5) (layers *.Cu *.Mask)
      (net 2 /VIN-))
    (pad 2 thru_hole oval (at 5.45 0 180) (size 2.5 4.5) (drill 1.5) (layers *.Cu *.Mask)
      (net 6 /VSW+))
    (pad 1 thru_hole rect (at 0 0 180) (size 2.5 4.5) (drill 1.5) (layers *.Cu *.Mask)
      (net 14 "Net-(D2-Pad2)"))
    (model ${KISYS3DMOD}/Package_TO_SOT_THT.3dshapes/TO-247-3_Vertical.wrl
      (at (xyz 0 0 0))
      (scale (xyz 1 1 1))
      (rotate (xyz 0 0 0))
    )
  )

  (module Package_TO_SOT_THT:TO-247-3_Vertical (layer F.Cu) (tedit 5AC86DC3) (tstamp 5C029386)
    (at 135.05 55)
    (descr "TO-247-3, Vertical, RM 5.45mm, see https://toshiba.semicon-storage.com/us/product/mosfet/to-247-4l.html")
    (tags "TO-247-3 Vertical RM 5.45mm")
    (path /5BCAB91A)
    (fp_text reference Q3 (at 5.45 -3.45) (layer F.SilkS)
      (effects (font (size 1 1) (thickness 0.15)))
    )
    (fp_text value IRG4PF50W (at 5.45 3.95) (layer F.Fab)
      (effects (font (size 1 1) (thickness 0.15)))
    )
    (fp_text user %R (at 5.45 -3.45) (layer F.Fab)
      (effects (font (size 1 1) (thickness 0.15)))
    )
    (fp_line (start 13.65 -2.59) (end -2.75 -2.59) (layer F.CrtYd) (width 0.05))
    (fp_line (start 13.65 2.95) (end 13.65 -2.59) (layer F.CrtYd) (width 0.05))
    (fp_line (start -2.75 2.95) (end 13.65 2.95) (layer F.CrtYd) (width 0.05))
    (fp_line (start -2.75 -2.59) (end -2.75 2.95) (layer F.CrtYd) (width 0.05))
    (fp_line (start 7.255 -2.451) (end 7.255 2.82) (layer F.SilkS) (width 0.12))
    (fp_line (start 3.646 -2.451) (end 3.646 2.82) (layer F.SilkS) (width 0.12))
    (fp_line (start 13.52 -2.451) (end 13.52 2.82) (layer F.SilkS) (width 0.12))
    (fp_line (start -2.62 -2.451) (end -2.62 2.82) (layer F.SilkS) (width 0.12))
    (fp_line (start -2.62 2.82) (end 13.52 2.82) (layer F.SilkS) (width 0.12))
    (fp_line (start -2.62 -2.451) (end 13.52 -2.451) (layer F.SilkS) (width 0.12))
    (fp_line (start 7.255 -2.33) (end 7.255 2.7) (layer F.Fab) (width 0.1))
    (fp_line (start 3.645 -2.33) (end 3.645 2.7) (layer F.Fab) (width 0.1))
    (fp_line (start 13.4 -2.33) (end -2.5 -2.33) (layer F.Fab) (width 0.1))
    (fp_line (start 13.4 2.7) (end 13.4 -2.33) (layer F.Fab) (width 0.1))
    (fp_line (start -2.5 2.7) (end 13.4 2.7) (layer F.Fab) (width 0.1))
    (fp_line (start -2.5 -2.33) (end -2.5 2.7) (layer F.Fab) (width 0.1))
    (pad 3 thru_hole oval (at 10.9 0) (size 2.5 4.5) (drill 1.5) (layers *.Cu *.Mask)
      (net 6 /VSW+))
    (pad 2 thru_hole oval (at 5.45 0) (size 2.5 4.5) (drill 1.5) (layers *.Cu *.Mask)
      (net 1 /VIN+))
    (pad 1 thru_hole rect (at 0 0) (size 2.5 4.5) (drill 1.5) (layers *.Cu *.Mask)
      (net 15 "Net-(D3-Pad2)"))
    (model ${KISYS3DMOD}/Package_TO_SOT_THT.3dshapes/TO-247-3_Vertical.wrl
      (at (xyz 0 0 0))
      (scale (xyz 1 1 1))
      (rotate (xyz 0 0 0))
    )
  )

  (module Package_TO_SOT_THT:TO-247-3_Vertical (layer F.Cu) (tedit 5AC86DC3) (tstamp 5C02940D)
    (at 151.45 97.5 180)
    (descr "TO-247-3, Vertical, RM 5.45mm, see https://toshiba.semicon-storage.com/us/product/mosfet/to-247-4l.html")
    (tags "TO-247-3 Vertical RM 5.45mm")
    (path /5BCABA1D)
    (fp_text reference Q4 (at 5.45 -3.45 180) (layer F.SilkS)
      (effects (font (size 1 1) (thickness 0.15)))
    )
    (fp_text value IRG4PF50W (at 5.45 3.95 180) (layer F.Fab)
      (effects (font (size 1 1) (thickness 0.15)))
    )
    (fp_line (start -2.5 -2.33) (end -2.5 2.7) (layer F.Fab) (width 0.1))
    (fp_line (start -2.5 2.7) (end 13.4 2.7) (layer F.Fab) (width 0.1))
    (fp_line (start 13.4 2.7) (end 13.4 -2.33) (layer F.Fab) (width 0.1))
    (fp_line (start 13.4 -2.33) (end -2.5 -2.33) (layer F.Fab) (width 0.1))
    (fp_line (start 3.645 -2.33) (end 3.645 2.7) (layer F.Fab) (width 0.1))
    (fp_line (start 7.255 -2.33) (end 7.255 2.7) (layer F.Fab) (width 0.1))
    (fp_line (start -2.62 -2.451) (end 13.52 -2.451) (layer F.SilkS) (width 0.12))
    (fp_line (start -2.62 2.82) (end 13.52 2.82) (layer F.SilkS) (width 0.12))
    (fp_line (start -2.62 -2.451) (end -2.62 2.82) (layer F.SilkS) (width 0.12))
    (fp_line (start 13.52 -2.451) (end 13.52 2.82) (layer F.SilkS) (width 0.12))
    (fp_line (start 3.646 -2.451) (end 3.646 2.82) (layer F.SilkS) (width 0.12))
    (fp_line (start 7.255 -2.451) (end 7.255 2.82) (layer F.SilkS) (width 0.12))
    (fp_line (start -2.75 -2.59) (end -2.75 2.95) (layer F.CrtYd) (width 0.05))
    (fp_line (start -2.75 2.95) (end 13.65 2.95) (layer F.CrtYd) (width 0.05))
    (fp_line (start 13.65 2.95) (end 13.65 -2.59) (layer F.CrtYd) (width 0.05))
    (fp_line (start 13.65 -2.59) (end -2.75 -2.59) (layer F.CrtYd) (width 0.05))
    (fp_text user %R (at 5.45 -3.45 180) (layer F.Fab)
      (effects (font (size 1 1) (thickness 0.15)))
    )
    (pad 1 thru_hole rect (at 0 0 180) (size 2.5 4.5) (drill 1.5) (layers *.Cu *.Mask)
      (net 16 "Net-(D4-Pad2)"))
    (pad 2 thru_hole oval (at 5.45 0 180) (size 2.5 4.5) (drill 1.5) (layers *.Cu *.Mask)
      (net 6 /VSW+))
    (pad 3 thru_hole oval (at 10.9 0 180) (size 2.5 4.5) (drill 1.5) (layers *.Cu *.Mask)
      (net 2 /VIN-))
    (model ${KISYS3DMOD}/Package_TO_SOT_THT.3dshapes/TO-247-3_Vertical.wrl
      (at (xyz 0 0 0))
      (scale (xyz 1 1 1))
      (rotate (xyz 0 0 0))
    )
  )

  (module Resistor_SMD:R_0805_2012Metric (layer F.Cu) (tedit 5B36C52B) (tstamp 5C02944B)
    (at 115.75 50.5 90)
    (descr "Resistor SMD 0805 (2012 Metric), square (rectangular) end terminal, IPC_7351 nominal, (Body size source: https://docs.google.com/spreadsheets/d/1BsfQQcO9C6DZCsRaXUlFlo91Tg2WpOkGARC1WS5S8t0/edit?usp=sharing), generated with kicad-footprint-generator")
    (tags resistor)
    (path /5BCABB3F)
    (attr smd)
    (fp_text reference R1 (at 0 -1.65 90) (layer F.SilkS)
      (effects (font (size 1 1) (thickness 0.15)))
    )
    (fp_text value R (at 0 1.65 90) (layer F.Fab)
      (effects (font (size 1 1) (thickness 0.15)))
    )
    (fp_text user %R (at 0 0 90) (layer F.Fab)
      (effects (font (size 0.5 0.5) (thickness 0.08)))
    )
    (fp_line (start 1.68 0.95) (end -1.68 0.95) (layer F.CrtYd) (width 0.05))
    (fp_line (start 1.68 -0.95) (end 1.68 0.95) (layer F.CrtYd) (width 0.05))
    (fp_line (start -1.68 -0.95) (end 1.68 -0.95) (layer F.CrtYd) (width 0.05))
    (fp_line (start -1.68 0.95) (end -1.68 -0.95) (layer F.CrtYd) (width 0.05))
    (fp_line (start -0.258578 0.71) (end 0.258578 0.71) (layer F.SilkS) (width 0.12))
    (fp_line (start -0.258578 -0.71) (end 0.258578 -0.71) (layer F.SilkS) (width 0.12))
    (fp_line (start 1 0.6) (end -1 0.6) (layer F.Fab) (width 0.1))
    (fp_line (start 1 -0.6) (end 1 0.6) (layer F.Fab) (width 0.1))
    (fp_line (start -1 -0.6) (end 1 -0.6) (layer F.Fab) (width 0.1))
    (fp_line (start -1 0.6) (end -1 -0.6) (layer F.Fab) (width 0.1))
    (pad 2 smd roundrect (at 0.9375 0 90) (size 0.975 1.4) (layers F.Cu F.Paste F.Mask) (roundrect_rratio 0.25)
      (net 3 /A))
    (pad 1 smd roundrect (at -0.9375 0 90) (size 0.975 1.4) (layers F.Cu F.Paste F.Mask) (roundrect_rratio 0.25)
      (net 13 "Net-(D1-Pad2)"))
    (model ${KISYS3DMOD}/Resistor_SMD.3dshapes/R_0805_2012Metric.wrl
      (at (xyz 0 0 0))
      (scale (xyz 1 1 1))
      (rotate (xyz 0 0 0))
    )
  )

  (module Resistor_SMD:R_0805_2012Metric (layer F.Cu) (tedit 5B36C52B) (tstamp 5C02947B)
    (at 126 50.5 90)
    (descr "Resistor SMD 0805 (2012 Metric), square (rectangular) end terminal, IPC_7351 nominal, (Body size source: https://docs.google.com/spreadsheets/d/1BsfQQcO9C6DZCsRaXUlFlo91Tg2WpOkGARC1WS5S8t0/edit?usp=sharing), generated with kicad-footprint-generator")
    (tags resistor)
    (path /5BCABBE4)
    (attr smd)
    (fp_text reference R2 (at 0 -1.65 90) (layer F.SilkS)
      (effects (font (size 1 1) (thickness 0.15)))
    )
    (fp_text value R (at 0 1.65 90) (layer F.Fab)
      (effects (font (size 1 1) (thickness 0.15)))
    )
    (fp_line (start -1 0.6) (end -1 -0.6) (layer F.Fab) (width 0.1))
    (fp_line (start -1 -0.6) (end 1 -0.6) (layer F.Fab) (width 0.1))
    (fp_line (start 1 -0.6) (end 1 0.6) (layer F.Fab) (width 0.1))
    (fp_line (start 1 0.6) (end -1 0.6) (layer F.Fab) (width 0.1))
    (fp_line (start -0.258578 -0.71) (end 0.258578 -0.71) (layer F.SilkS) (width 0.12))
    (fp_line (start -0.258578 0.71) (end 0.258578 0.71) (layer F.SilkS) (width 0.12))
    (fp_line (start -1.68 0.95) (end -1.68 -0.95) (layer F.CrtYd) (width 0.05))
    (fp_line (start -1.68 -0.95) (end 1.68 -0.95) (layer F.CrtYd) (width 0.05))
    (fp_line (start 1.68 -0.95) (end 1.68 0.95) (layer F.CrtYd) (width 0.05))
    (fp_line (start 1.68 0.95) (end -1.68 0.95) (layer F.CrtYd) (width 0.05))
    (fp_text user %R (at 0 0 90) (layer F.Fab)
      (effects (font (size 0.5 0.5) (thickness 0.08)))
    )
    (pad 1 smd roundrect (at -0.9375 0 90) (size 0.975 1.4) (layers F.Cu F.Paste F.Mask) (roundrect_rratio 0.25)
      (net 6 /VSW+))
    (pad 2 smd roundrect (at 0.9375 0 90) (size 0.975 1.4) (layers F.Cu F.Paste F.Mask) (roundrect_rratio 0.25)
      (net 4 /B))
    (model ${KISYS3DMOD}/Resistor_SMD.3dshapes/R_0805_2012Metric.wrl
      (at (xyz 0 0 0))
      (scale (xyz 1 1 1))
      (rotate (xyz 0 0 0))
    )
  )

  (module Resistor_SMD:R_0805_2012Metric (layer F.Cu) (tedit 5B36C52B) (tstamp 5C0294AB)
    (at 130.75 102 270)
    (descr "Resistor SMD 0805 (2012 Metric), square (rectangular) end terminal, IPC_7351 nominal, (Body size source: https://docs.google.com/spreadsheets/d/1BsfQQcO9C6DZCsRaXUlFlo91Tg2WpOkGARC1WS5S8t0/edit?usp=sharing), generated with kicad-footprint-generator")
    (tags resistor)
    (path /5BCABA6A)
    (attr smd)
    (fp_text reference R3 (at 0 -1.65 270) (layer F.SilkS)
      (effects (font (size 1 1) (thickness 0.15)))
    )
    (fp_text value R (at 0 1.65 270) (layer F.Fab)
      (effects (font (size 1 1) (thickness 0.15)))
    )
    (fp_line (start -1 0.6) (end -1 -0.6) (layer F.Fab) (width 0.1))
    (fp_line (start -1 -0.6) (end 1 -0.6) (layer F.Fab) (width 0.1))
    (fp_line (start 1 -0.6) (end 1 0.6) (layer F.Fab) (width 0.1))
    (fp_line (start 1 0.6) (end -1 0.6) (layer F.Fab) (width 0.1))
    (fp_line (start -0.258578 -0.71) (end 0.258578 -0.71) (layer F.SilkS) (width 0.12))
    (fp_line (start -0.258578 0.71) (end 0.258578 0.71) (layer F.SilkS) (width 0.12))
    (fp_line (start -1.68 0.95) (end -1.68 -0.95) (layer F.CrtYd) (width 0.05))
    (fp_line (start -1.68 -0.95) (end 1.68 -0.95) (layer F.CrtYd) (width 0.05))
    (fp_line (start 1.68 -0.95) (end 1.68 0.95) (layer F.CrtYd) (width 0.05))
    (fp_line (start 1.68 0.95) (end -1.68 0.95) (layer F.CrtYd) (width 0.05))
    (fp_text user %R (at 0 0 90) (layer F.Fab)
      (effects (font (size 0.5 0.5) (thickness 0.08)))
    )
    (pad 1 smd roundrect (at -0.9375 0 270) (size 0.975 1.4) (layers F.Cu F.Paste F.Mask) (roundrect_rratio 0.25)
      (net 14 "Net-(D2-Pad2)"))
    (pad 2 smd roundrect (at 0.9375 0 270) (size 0.975 1.4) (layers F.Cu F.Paste F.Mask) (roundrect_rratio 0.25)
      (net 5 /C))
    (model ${KISYS3DMOD}/Resistor_SMD.3dshapes/R_0805_2012Metric.wrl
      (at (xyz 0 0 0))
      (scale (xyz 1 1 1))
      (rotate (xyz 0 0 0))
    )
  )

  (module Resistor_SMD:R_0805_2012Metric (layer F.Cu) (tedit 5B36C52B) (tstamp 5C0292A7)
    (at 140.5 102 270)
    (descr "Resistor SMD 0805 (2012 Metric), square (rectangular) end terminal, IPC_7351 nominal, (Body size source: https://docs.google.com/spreadsheets/d/1BsfQQcO9C6DZCsRaXUlFlo91Tg2WpOkGARC1WS5S8t0/edit?usp=sharing), generated with kicad-footprint-generator")
    (tags resistor)
    (path /5BCABC3D)
    (attr smd)
    (fp_text reference R4 (at 0 -1.65 270) (layer F.SilkS)
      (effects (font (size 1 1) (thickness 0.15)))
    )
    (fp_text value R (at 0 1.65 270) (layer F.Fab)
      (effects (font (size 1 1) (thickness 0.15)))
    )
    (fp_text user %R (at 0 0 270) (layer F.Fab)
      (effects (font (size 0.5 0.5) (thickness 0.08)))
    )
    (fp_line (start 1.68 0.95) (end -1.68 0.95) (layer F.CrtYd) (width 0.05))
    (fp_line (start 1.68 -0.95) (end 1.68 0.95) (layer F.CrtYd) (width 0.05))
    (fp_line (start -1.68 -0.95) (end 1.68 -0.95) (layer F.CrtYd) (width 0.05))
    (fp_line (start -1.68 0.95) (end -1.68 -0.95) (layer F.CrtYd) (width 0.05))
    (fp_line (start -0.258578 0.71) (end 0.258578 0.71) (layer F.SilkS) (width 0.12))
    (fp_line (start -0.258578 -0.71) (end 0.258578 -0.71) (layer F.SilkS) (width 0.12))
    (fp_line (start 1 0.6) (end -1 0.6) (layer F.Fab) (width 0.1))
    (fp_line (start 1 -0.6) (end 1 0.6) (layer F.Fab) (width 0.1))
    (fp_line (start -1 -0.6) (end 1 -0.6) (layer F.Fab) (width 0.1))
    (fp_line (start -1 0.6) (end -1 -0.6) (layer F.Fab) (width 0.1))
    (pad 2 smd roundrect (at 0.9375 0 270) (size 0.975 1.4) (layers F.Cu F.Paste F.Mask) (roundrect_rratio 0.25)
      (net 8 /D))
    (pad 1 smd roundrect (at -0.9375 0 270) (size 0.975 1.4) (layers F.Cu F.Paste F.Mask) (roundrect_rratio 0.25)
      (net 2 /VIN-))
    (model ${KISYS3DMOD}/Resistor_SMD.3dshapes/R_0805_2012Metric.wrl
      (at (xyz 0 0 0))
      (scale (xyz 1 1 1))
      (rotate (xyz 0 0 0))
    )
  )

  (module Resistor_SMD:R_0805_2012Metric (layer F.Cu) (tedit 5B36C52B) (tstamp 5C029277)
    (at 135.75 50.5 90)
    (descr "Resistor SMD 0805 (2012 Metric), square (rectangular) end terminal, IPC_7351 nominal, (Body size source: https://docs.google.com/spreadsheets/d/1BsfQQcO9C6DZCsRaXUlFlo91Tg2WpOkGARC1WS5S8t0/edit?usp=sharing), generated with kicad-footprint-generator")
    (tags resistor)
    (path /5BCABD54)
    (attr smd)
    (fp_text reference R5 (at 0 -1.65 90) (layer F.SilkS)
      (effects (font (size 1 1) (thickness 0.15)))
    )
    (fp_text value R (at 0 1.65 90) (layer F.Fab)
      (effects (font (size 1 1) (thickness 0.15)))
    )
    (fp_line (start -1 0.6) (end -1 -0.6) (layer F.Fab) (width 0.1))
    (fp_line (start -1 -0.6) (end 1 -0.6) (layer F.Fab) (width 0.1))
    (fp_line (start 1 -0.6) (end 1 0.6) (layer F.Fab) (width 0.1))
    (fp_line (start 1 0.6) (end -1 0.6) (layer F.Fab) (width 0.1))
    (fp_line (start -0.258578 -0.71) (end 0.258578 -0.71) (layer F.SilkS) (width 0.12))
    (fp_line (start -0.258578 0.71) (end 0.258578 0.71) (layer F.SilkS) (width 0.12))
    (fp_line (start -1.68 0.95) (end -1.68 -0.95) (layer F.CrtYd) (width 0.05))
    (fp_line (start -1.68 -0.95) (end 1.68 -0.95) (layer F.CrtYd) (width 0.05))
    (fp_line (start 1.68 -0.95) (end 1.68 0.95) (layer F.CrtYd) (width 0.05))
    (fp_line (start 1.68 0.95) (end -1.68 0.95) (layer F.CrtYd) (width 0.05))
    (fp_text user %R (at 0 0 90) (layer F.Fab)
      (effects (font (size 0.5 0.5) (thickness 0.08)))
    )
    (pad 1 smd roundrect (at -0.9375 0 90) (size 0.975 1.4) (layers F.Cu F.Paste F.Mask) (roundrect_rratio 0.25)
      (net 15 "Net-(D3-Pad2)"))
    (pad 2 smd roundrect (at 0.9375 0 90) (size 0.975 1.4) (layers F.Cu F.Paste F.Mask) (roundrect_rratio 0.25)
      (net 3 /A))
    (model ${KISYS3DMOD}/Resistor_SMD.3dshapes/R_0805_2012Metric.wrl
      (at (xyz 0 0 0))
      (scale (xyz 1 1 1))
      (rotate (xyz 0 0 0))
    )
  )

  (module Resistor_SMD:R_0805_2012Metric (layer F.Cu) (tedit 5B36C52B) (tstamp 5C0291DB)
    (at 146 50.5 90)
    (descr "Resistor SMD 0805 (2012 Metric), square (rectangular) end terminal, IPC_7351 nominal, (Body size source: https://docs.google.com/spreadsheets/d/1BsfQQcO9C6DZCsRaXUlFlo91Tg2WpOkGARC1WS5S8t0/edit?usp=sharing), generated with kicad-footprint-generator")
    (tags resistor)
    (path /5BCABEF1)
    (attr smd)
    (fp_text reference R6 (at 0 -1.65 90) (layer F.SilkS)
      (effects (font (size 1 1) (thickness 0.15)))
    )
    (fp_text value R (at 0 1.65 90) (layer F.Fab)
      (effects (font (size 1 1) (thickness 0.15)))
    )
    (fp_text user %R (at 0 0 90) (layer F.Fab)
      (effects (font (size 0.5 0.5) (thickness 0.08)))
    )
    (fp_line (start 1.68 0.95) (end -1.68 0.95) (layer F.CrtYd) (width 0.05))
    (fp_line (start 1.68 -0.95) (end 1.68 0.95) (layer F.CrtYd) (width 0.05))
    (fp_line (start -1.68 -0.95) (end 1.68 -0.95) (layer F.CrtYd) (width 0.05))
    (fp_line (start -1.68 0.95) (end -1.68 -0.95) (layer F.CrtYd) (width 0.05))
    (fp_line (start -0.258578 0.71) (end 0.258578 0.71) (layer F.SilkS) (width 0.12))
    (fp_line (start -0.258578 -0.71) (end 0.258578 -0.71) (layer F.SilkS) (width 0.12))
    (fp_line (start 1 0.6) (end -1 0.6) (layer F.Fab) (width 0.1))
    (fp_line (start 1 -0.6) (end 1 0.6) (layer F.Fab) (width 0.1))
    (fp_line (start -1 -0.6) (end 1 -0.6) (layer F.Fab) (width 0.1))
    (fp_line (start -1 0.6) (end -1 -0.6) (layer F.Fab) (width 0.1))
    (pad 2 smd roundrect (at 0.9375 0 90) (size 0.975 1.4) (layers F.Cu F.Paste F.Mask) (roundrect_rratio 0.25)
      (net 4 /B))
    (pad 1 smd roundrect (at -0.9375 0 90) (size 0.975 1.4) (layers F.Cu F.Paste F.Mask) (roundrect_rratio 0.25)
      (net 6 /VSW+))
    (model ${KISYS3DMOD}/Resistor_SMD.3dshapes/R_0805_2012Metric.wrl
      (at (xyz 0 0 0))
      (scale (xyz 1 1 1))
      (rotate (xyz 0 0 0))
    )
  )

  (module Resistor_SMD:R_0805_2012Metric (layer F.Cu) (tedit 5B36C52B) (tstamp 5C029190)
    (at 150.75 102 270)
    (descr "Resistor SMD 0805 (2012 Metric), square (rectangular) end terminal, IPC_7351 nominal, (Body size source: https://docs.google.com/spreadsheets/d/1BsfQQcO9C6DZCsRaXUlFlo91Tg2WpOkGARC1WS5S8t0/edit?usp=sharing), generated with kicad-footprint-generator")
    (tags resistor)
    (path /5BCABE1F)
    (attr smd)
    (fp_text reference R7 (at 0 -1.65 270) (layer F.SilkS)
      (effects (font (size 1 1) (thickness 0.15)))
    )
    (fp_text value R (at 0 1.65 270) (layer F.Fab)
      (effects (font (size 1 1) (thickness 0.15)))
    )
    (fp_text user %R (at 0 0 270) (layer F.Fab)
      (effects (font (size 0.5 0.5) (thickness 0.08)))
    )
    (fp_line (start 1.68 0.95) (end -1.68 0.95) (layer F.CrtYd) (width 0.05))
    (fp_line (start 1.68 -0.95) (end 1.68 0.95) (layer F.CrtYd) (width 0.05))
    (fp_line (start -1.68 -0.95) (end 1.68 -0.95) (layer F.CrtYd) (width 0.05))
    (fp_line (start -1.68 0.95) (end -1.68 -0.95) (layer F.CrtYd) (width 0.05))
    (fp_line (start -0.258578 0.71) (end 0.258578 0.71) (layer F.SilkS) (width 0.12))
    (fp_line (start -0.258578 -0.71) (end 0.258578 -0.71) (layer F.SilkS) (width 0.12))
    (fp_line (start 1 0.6) (end -1 0.6) (layer F.Fab) (width 0.1))
    (fp_line (start 1 -0.6) (end 1 0.6) (layer F.Fab) (width 0.1))
    (fp_line (start -1 -0.6) (end 1 -0.6) (layer F.Fab) (width 0.1))
    (fp_line (start -1 0.6) (end -1 -0.6) (layer F.Fab) (width 0.1))
    (pad 2 smd roundrect (at 0.9375 0 270) (size 0.975 1.4) (layers F.Cu F.Paste F.Mask) (roundrect_rratio 0.25)
      (net 5 /C))
    (pad 1 smd roundrect (at -0.9375 0 270) (size 0.975 1.4) (layers F.Cu F.Paste F.Mask) (roundrect_rratio 0.25)
      (net 16 "Net-(D4-Pad2)"))
    (model ${KISYS3DMOD}/Resistor_SMD.3dshapes/R_0805_2012Metric.wrl
      (at (xyz 0 0 0))
      (scale (xyz 1 1 1))
      (rotate (xyz 0 0 0))
    )
  )

  (module Resistor_SMD:R_0805_2012Metric (layer F.Cu) (tedit 5B36C52B) (tstamp 5C0290D3)
    (at 120.5 102 270)
    (descr "Resistor SMD 0805 (2012 Metric), square (rectangular) end terminal, IPC_7351 nominal, (Body size source: https://docs.google.com/spreadsheets/d/1BsfQQcO9C6DZCsRaXUlFlo91Tg2WpOkGARC1WS5S8t0/edit?usp=sharing), generated with kicad-footprint-generator")
    (tags resistor)
    (path /5BCABE84)
    (attr smd)
    (fp_text reference R8 (at 0 -1.65 270) (layer F.SilkS)
      (effects (font (size 1 1) (thickness 0.15)))
    )
    (fp_text value R (at 0 1.65 270) (layer F.Fab)
      (effects (font (size 1 1) (thickness 0.15)))
    )
    (fp_line (start -1 0.6) (end -1 -0.6) (layer F.Fab) (width 0.1))
    (fp_line (start -1 -0.6) (end 1 -0.6) (layer F.Fab) (width 0.1))
    (fp_line (start 1 -0.6) (end 1 0.6) (layer F.Fab) (width 0.1))
    (fp_line (start 1 0.6) (end -1 0.6) (layer F.Fab) (width 0.1))
    (fp_line (start -0.258578 -0.71) (end 0.258578 -0.71) (layer F.SilkS) (width 0.12))
    (fp_line (start -0.258578 0.71) (end 0.258578 0.71) (layer F.SilkS) (width 0.12))
    (fp_line (start -1.68 0.95) (end -1.68 -0.95) (layer F.CrtYd) (width 0.05))
    (fp_line (start -1.68 -0.95) (end 1.68 -0.95) (layer F.CrtYd) (width 0.05))
    (fp_line (start 1.68 -0.95) (end 1.68 0.95) (layer F.CrtYd) (width 0.05))
    (fp_line (start 1.68 0.95) (end -1.68 0.95) (layer F.CrtYd) (width 0.05))
    (fp_text user %R (at 0 0 270) (layer F.Fab)
      (effects (font (size 0.5 0.5) (thickness 0.08)))
    )
    (pad 1 smd roundrect (at -0.9375 0 270) (size 0.975 1.4) (layers F.Cu F.Paste F.Mask) (roundrect_rratio 0.25)
      (net 2 /VIN-))
    (pad 2 smd roundrect (at 0.9375 0 270) (size 0.975 1.4) (layers F.Cu F.Paste F.Mask) (roundrect_rratio 0.25)
      (net 8 /D))
    (model ${KISYS3DMOD}/Resistor_SMD.3dshapes/R_0805_2012Metric.wrl
      (at (xyz 0 0 0))
      (scale (xyz 1 1 1))
      (rotate (xyz 0 0 0))
    )
  )

  (module Capacitor_THT:C_Rect_L31.5mm_W17.0mm_P27.50mm_MKS4 (layer F.Cu) (tedit 5AE50EF0) (tstamp 5C0292E2)
    (at 120.5 62.5 270)
    (descr "C, Rect series, Radial, pin pitch=27.50mm, , length*width=31.5*17mm^2, Capacitor, http://www.wima.com/EN/WIMA_MKS_4.pdf")
    (tags "C Rect series Radial pin pitch 27.50mm  length 31.5mm width 17mm Capacitor")
    (path /5BD12234)
    (fp_text reference C1 (at 13.75 -9.75 270) (layer F.SilkS)
      (effects (font (size 1 1) (thickness 0.15)))
    )
    (fp_text value B32674D6225K000 (at 13.75 9.75 270) (layer F.Fab)
      (effects (font (size 1 1) (thickness 0.15)))
    )
    (fp_text user %R (at 13.75 0 270) (layer F.Fab)
      (effects (font (size 1 1) (thickness 0.15)))
    )
    (fp_line (start 29.75 -8.75) (end -2.25 -8.75) (layer F.CrtYd) (width 0.05))
    (fp_line (start 29.75 8.75) (end 29.75 -8.75) (layer F.CrtYd) (width 0.05))
    (fp_line (start -2.25 8.75) (end 29.75 8.75) (layer F.CrtYd) (width 0.05))
    (fp_line (start -2.25 -8.75) (end -2.25 8.75) (layer F.CrtYd) (width 0.05))
    (fp_line (start 29.62 -8.62) (end 29.62 8.62) (layer F.SilkS) (width 0.12))
    (fp_line (start -2.12 -8.62) (end -2.12 8.62) (layer F.SilkS) (width 0.12))
    (fp_line (start -2.12 8.62) (end 29.62 8.62) (layer F.SilkS) (width 0.12))
    (fp_line (start -2.12 -8.62) (end 29.62 -8.62) (layer F.SilkS) (width 0.12))
    (fp_line (start 29.5 -8.5) (end -2 -8.5) (layer F.Fab) (width 0.1))
    (fp_line (start 29.5 8.5) (end 29.5 -8.5) (layer F.Fab) (width 0.1))
    (fp_line (start -2 8.5) (end 29.5 8.5) (layer F.Fab) (width 0.1))
    (fp_line (start -2 -8.5) (end -2 8.5) (layer F.Fab) (width 0.1))
    (pad 2 thru_hole circle (at 27.5 0 270) (size 2.4 2.4) (drill 1.2) (layers *.Cu *.Mask)
      (net 2 /VIN-))
    (pad 1 thru_hole circle (at 0 0 270) (size 2.4 2.4) (drill 1.2) (layers *.Cu *.Mask)
      (net 1 /VIN+))
    (model ${KISYS3DMOD}/Capacitor_THT.3dshapes/C_Rect_L31.5mm_W17.0mm_P27.50mm_MKS4.wrl
      (at (xyz 0 0 0))
      (scale (xyz 1 1 1))
      (rotate (xyz 0 0 0))
    )
  )

  (module Capacitor_THT:C_Rect_L31.5mm_W17.0mm_P27.50mm_MKS4 (layer F.Cu) (tedit 5AE50EF0) (tstamp 5C029243)
    (at 160.5 62.5 270)
    (descr "C, Rect series, Radial, pin pitch=27.50mm, , length*width=31.5*17mm^2, Capacitor, http://www.wima.com/EN/WIMA_MKS_4.pdf")
    (tags "C Rect series Radial pin pitch 27.50mm  length 31.5mm width 17mm Capacitor")
    (path /5BD12149)
    (fp_text reference C3 (at 13.75 -9.75 270) (layer F.SilkS)
      (effects (font (size 1 1) (thickness 0.15)))
    )
    (fp_text value B32674D6225K000 (at 13.75 9.75 270) (layer F.Fab)
      (effects (font (size 1 1) (thickness 0.15)))
    )
    (fp_text user %R (at 13.75 0 270) (layer F.Fab)
      (effects (font (size 1 1) (thickness 0.15)))
    )
    (fp_line (start 29.75 -8.75) (end -2.25 -8.75) (layer F.CrtYd) (width 0.05))
    (fp_line (start 29.75 8.75) (end 29.75 -8.75) (layer F.CrtYd) (width 0.05))
    (fp_line (start -2.25 8.75) (end 29.75 8.75) (layer F.CrtYd) (width 0.05))
    (fp_line (start -2.25 -8.75) (end -2.25 8.75) (layer F.CrtYd) (width 0.05))
    (fp_line (start 29.62 -8.62) (end 29.62 8.62) (layer F.SilkS) (width 0.12))
    (fp_line (start -2.12 -8.62) (end -2.12 8.62) (layer F.SilkS) (width 0.12))
    (fp_line (start -2.12 8.62) (end 29.62 8.62) (layer F.SilkS) (width 0.12))
    (fp_line (start -2.12 -8.62) (end 29.62 -8.62) (layer F.SilkS) (width 0.12))
    (fp_line (start 29.5 -8.5) (end -2 -8.5) (layer F.Fab) (width 0.1))
    (fp_line (start 29.5 8.5) (end 29.5 -8.5) (layer F.Fab) (width 0.1))
    (fp_line (start -2 8.5) (end 29.5 8.5) (layer F.Fab) (width 0.1))
    (fp_line (start -2 -8.5) (end -2 8.5) (layer F.Fab) (width 0.1))
    (pad 2 thru_hole circle (at 27.5 0 270) (size 2.4 2.4) (drill 1.2) (layers *.Cu *.Mask)
      (net 2 /VIN-))
    (pad 1 thru_hole circle (at 0 0 270) (size 2.4 2.4) (drill 1.2) (layers *.Cu *.Mask)
      (net 1 /VIN+))
    (model ${KISYS3DMOD}/Capacitor_THT.3dshapes/C_Rect_L31.5mm_W17.0mm_P27.50mm_MKS4.wrl
      (at (xyz 0 0 0))
      (scale (xyz 1 1 1))
      (rotate (xyz 0 0 0))
    )
  )

  (module Capacitor_THT:C_Rect_L31.5mm_W17.0mm_P27.50mm_MKS4 (layer F.Cu) (tedit 5AE50EF0) (tstamp 5C02920D)
    (at 180.5 62.5 270)
    (descr "C, Rect series, Radial, pin pitch=27.50mm, , length*width=31.5*17mm^2, Capacitor, http://www.wima.com/EN/WIMA_MKS_4.pdf")
    (tags "C Rect series Radial pin pitch 27.50mm  length 31.5mm width 17mm Capacitor")
    (path /5BD121BF)
    (fp_text reference C4 (at 13.75 -9.75 270) (layer F.SilkS)
      (effects (font (size 1 1) (thickness 0.15)))
    )
    (fp_text value B32674D6225K000 (at 13.75 9.75 270) (layer F.Fab)
      (effects (font (size 1 1) (thickness 0.15)))
    )
    (fp_line (start -2 -8.5) (end -2 8.5) (layer F.Fab) (width 0.1))
    (fp_line (start -2 8.5) (end 29.5 8.5) (layer F.Fab) (width 0.1))
    (fp_line (start 29.5 8.5) (end 29.5 -8.5) (layer F.Fab) (width 0.1))
    (fp_line (start 29.5 -8.5) (end -2 -8.5) (layer F.Fab) (width 0.1))
    (fp_line (start -2.12 -8.62) (end 29.62 -8.62) (layer F.SilkS) (width 0.12))
    (fp_line (start -2.12 8.62) (end 29.62 8.62) (layer F.SilkS) (width 0.12))
    (fp_line (start -2.12 -8.62) (end -2.12 8.62) (layer F.SilkS) (width 0.12))
    (fp_line (start 29.62 -8.62) (end 29.62 8.62) (layer F.SilkS) (width 0.12))
    (fp_line (start -2.25 -8.75) (end -2.25 8.75) (layer F.CrtYd) (width 0.05))
    (fp_line (start -2.25 8.75) (end 29.75 8.75) (layer F.CrtYd) (width 0.05))
    (fp_line (start 29.75 8.75) (end 29.75 -8.75) (layer F.CrtYd) (width 0.05))
    (fp_line (start 29.75 -8.75) (end -2.25 -8.75) (layer F.CrtYd) (width 0.05))
    (fp_text user %R (at 13.75 0 270) (layer F.Fab)
      (effects (font (size 1 1) (thickness 0.15)))
    )
    (pad 1 thru_hole circle (at 0 0 270) (size 2.4 2.4) (drill 1.2) (layers *.Cu *.Mask)
      (net 1 /VIN+))
    (pad 2 thru_hole circle (at 27.5 0 270) (size 2.4 2.4) (drill 1.2) (layers *.Cu *.Mask)
      (net 2 /VIN-))
    (model ${KISYS3DMOD}/Capacitor_THT.3dshapes/C_Rect_L31.5mm_W17.0mm_P27.50mm_MKS4.wrl
      (at (xyz 0 0 0))
      (scale (xyz 1 1 1))
      (rotate (xyz 0 0 0))
    )
  )

  (module Package_TO_SOT_THT:TO-247-3_Vertical (layer F.Cu) (tedit 5AC86DC3) (tstamp 5C029642)
    (at 155.05 55)
    (descr "TO-247-3, Vertical, RM 5.45mm, see https://toshiba.semicon-storage.com/us/product/mosfet/to-247-4l.html")
    (tags "TO-247-3 Vertical RM 5.45mm")
    (path /5BD16522)
    (fp_text reference Q5 (at 5.45 -3.45) (layer F.SilkS)
      (effects (font (size 1 1) (thickness 0.15)))
    )
    (fp_text value IRG4PF50W (at 5.45 3.95) (layer F.Fab)
      (effects (font (size 1 1) (thickness 0.15)))
    )
    (fp_text user %R (at 5.45 -3.45) (layer F.Fab)
      (effects (font (size 1 1) (thickness 0.15)))
    )
    (fp_line (start 13.65 -2.59) (end -2.75 -2.59) (layer F.CrtYd) (width 0.05))
    (fp_line (start 13.65 2.95) (end 13.65 -2.59) (layer F.CrtYd) (width 0.05))
    (fp_line (start -2.75 2.95) (end 13.65 2.95) (layer F.CrtYd) (width 0.05))
    (fp_line (start -2.75 -2.59) (end -2.75 2.95) (layer F.CrtYd) (width 0.05))
    (fp_line (start 7.255 -2.451) (end 7.255 2.82) (layer F.SilkS) (width 0.12))
    (fp_line (start 3.646 -2.451) (end 3.646 2.82) (layer F.SilkS) (width 0.12))
    (fp_line (start 13.52 -2.451) (end 13.52 2.82) (layer F.SilkS) (width 0.12))
    (fp_line (start -2.62 -2.451) (end -2.62 2.82) (layer F.SilkS) (width 0.12))
    (fp_line (start -2.62 2.82) (end 13.52 2.82) (layer F.SilkS) (width 0.12))
    (fp_line (start -2.62 -2.451) (end 13.52 -2.451) (layer F.SilkS) (width 0.12))
    (fp_line (start 7.255 -2.33) (end 7.255 2.7) (layer F.Fab) (width 0.1))
    (fp_line (start 3.645 -2.33) (end 3.645 2.7) (layer F.Fab) (width 0.1))
    (fp_line (start 13.4 -2.33) (end -2.5 -2.33) (layer F.Fab) (width 0.1))
    (fp_line (start 13.4 2.7) (end 13.4 -2.33) (layer F.Fab) (width 0.1))
    (fp_line (start -2.5 2.7) (end 13.4 2.7) (layer F.Fab) (width 0.1))
    (fp_line (start -2.5 -2.33) (end -2.5 2.7) (layer F.Fab) (width 0.1))
    (pad 3 thru_hole oval (at 10.9 0) (size 2.5 4.5) (drill 1.5) (layers *.Cu *.Mask)
      (net 7 /VSW-))
    (pad 2 thru_hole oval (at 5.45 0) (size 2.5 4.5) (drill 1.5) (layers *.Cu *.Mask)
      (net 1 /VIN+))
    (pad 1 thru_hole rect (at 0 0) (size 2.5 4.5) (drill 1.5) (layers *.Cu *.Mask)
      (net 17 "Net-(D5-Pad2)"))
    (model ${KISYS3DMOD}/Package_TO_SOT_THT.3dshapes/TO-247-3_Vertical.wrl
      (at (xyz 0 0 0))
      (scale (xyz 1 1 1))
      (rotate (xyz 0 0 0))
    )
  )

  (module Package_TO_SOT_THT:TO-247-3_Vertical (layer F.Cu) (tedit 5AC86DC3) (tstamp 5C02900E)
    (at 171.45 97.5 180)
    (descr "TO-247-3, Vertical, RM 5.45mm, see https://toshiba.semicon-storage.com/us/product/mosfet/to-247-4l.html")
    (tags "TO-247-3 Vertical RM 5.45mm")
    (path /5BD1652E)
    (fp_text reference Q6 (at 5.45 -3.45 180) (layer F.SilkS)
      (effects (font (size 1 1) (thickness 0.15)))
    )
    (fp_text value IRG4PF50W (at 5.45 3.95 180) (layer F.Fab)
      (effects (font (size 1 1) (thickness 0.15)))
    )
    (fp_text user %R (at 5.45 -3.45 180) (layer F.Fab)
      (effects (font (size 1 1) (thickness 0.15)))
    )
    (fp_line (start 13.65 -2.59) (end -2.75 -2.59) (layer F.CrtYd) (width 0.05))
